132 92 195 182 91
82 85 79 176 128
158 157 205 258 159
96 83 129 152 89
130 99 154 166 91
====================
225 142 62 104 114
230 147 47 124 117
205 100 58 120 156
144 113 30 102 56
171 104 51 116 122
====================
179 157 145 165 179
197 160 141 190 196
268 236 228 229 237
239 206 184 205 210
165 153 160 137 148
====================
149 129 183 131 163
180 158 237 169 195
159 143 199 153 173
226 194 317 228 240
147 114 178 125 140
====================
266 192 268 256 187
233 185 269 243 184
128 84 118 120 85
148 76 159 126 87
104 140 155 157 121
====================
